2.0
4.8
4.17
3.71
3.56
3.3
3.25
3.08
2.93
2.94
2.82
3.35
3.69
3.73
3.67
3.56
3.46
3.37
3.3
3.22
3.15
3.08
3.37
3.32
3.25
3.3
3.41
3.4
3.4
3.34
3.29
3.28
3.23
3.31
3.26
3.22
3.33
3.41
3.36
3.32
3.31
3.27
3.23
3.2
3.26
3.29
3.26
3.34
3.31
3.3
3.27
3.26
3.23
3.28
3.25
3.22
3.21
3.24
3.36
3.33
3.3
3.3
3.3
3.31
3.32
3.37
3.46
3.55
3.58
3.59
3.62
3.6
3.57
3.57
3.62
3.61
3.58
3.56
3.56
3.53
3.51
3.49
3.48
3.45
3.43
3.41
3.39
3.45
3.45
3.43
3.41
3.44
3.49
3.47
3.46
3.44
3.48
3.51
3.51
3.53
3.55
3.56
3.56
3.58
3.58
3.56
3.54
3.54
3.59
3.58
3.56
3.58
3.56
3.6
3.6
3.7
3.7
3.68
3.69
3.67
3.66
3.64
3.64
3.62
3.61
3.59
3.59
3.58
3.61
3.62
3.62
3.66
3.64
3.63
3.62
3.61
3.6
3.6
3.62
3.66
3.7
3.68
3.67
3.69
3.71
3.69
3.67
3.7
3.71
3.72
3.75
3.73
3.73
3.71
3.71
3.7
3.68
3.7
3.69
3.68
3.68
3.67
3.65
3.66
3.65
3.64
3.78
3.78
3.76
3.86
3.85
3.86
3.84
3.86
3.84
3.83
3.82
3.8
3.82
3.82
3.81
3.8
3.78
3.78
3.76
3.76
3.75
3.74
3.74
3.77
3.77
3.78
3.76
3.75
3.74
3.74
3.73
3.74
3.78
3.76
3.76
3.76
3.76
3.77
3.76
3.84
3.84
3.85
3.85
3.84
3.83
3.82
3.82
3.8
3.81
3.8
3.82
3.84
3.83
3.81
3.82
3.82
3.82
3.81
3.81
3.82
3.83
3.83
3.84
3.83
3.84
3.84
3.92
3.94
3.95
3.96
3.96
3.95
3.94
3.93
3.92
3.91
3.9
3.9
3.94
3.93
3.93
3.92
3.93
3.92
3.92
3.91
3.9
3.89
3.88
3.88
3.88
3.89
3.89
3.91
3.9
3.89
3.91
3.92
3.91
3.94
3.94
3.93
3.94
3.93
3.92
3.93
3.92
3.92
3.92
3.91
3.9
3.9
3.9
3.89
3.89
3.88
3.88
3.89
3.88
3.87
3.86
3.85
3.84
3.84
3.87
3.88
3.88
3.88
3.87
3.86
3.85
3.86
3.85
3.84
3.84
3.84
3.84
3.83
3.82
3.83
3.84
3.83
3.83
3.84
3.84
3.84
3.84
3.9
3.89
3.9
3.89
3.89
3.88
3.88
3.88
3.88
3.87
3.87
3.86
3.85
3.85
3.85
3.86
3.86
3.85
3.84
3.85
3.85
3.84
3.83
3.85
3.84
3.85
3.84
3.83
3.83
3.84
3.83
3.83
3.83
3.82
3.83
3.83
3.82
3.81
3.81
3.82
3.81
3.8
3.81
3.81
3.81
3.81
3.81
3.82
3.81
3.82
3.81
3.82
3.81
3.81
3.81
3.8
3.8
3.8
3.79
3.78
3.79
3.78
3.79
3.78
3.79
3.78
3.8
3.8
3.8
3.8
3.81
3.8
3.8
3.8
3.8
3.8
3.8
3.8
3.79
3.79
3.8
3.83
3.83
3.83
3.83
3.82
3.81
3.81
3.81
3.8
3.8
3.8
3.81
3.8
3.8
3.8
3.79
3.78
3.78
3.79
3.78
3.77
3.77
3.77
3.77
3.78
3.78
3.78
3.78
3.78
3.78
3.77
3.77
3.82
3.81
3.82
3.81
3.81
3.8
3.8
3.8
3.79
3.79
3.79
3.79
3.79
3.79
3.79
3.78
3.78
3.78
3.78
3.78
3.78
3.79
3.79
3.79
3.78
3.79
3.79
3.8
3.8
3.79
3.79
3.79
3.79
3.79
3.78
3.78
3.77
3.77
3.77
3.78
3.77
3.79
3.79
3.79
3.79
3.8
3.8
3.8
3.81
3.86
3.87
3.94
3.96
3.97
3.97
3.97
3.98
3.98
3.98
3.98
3.98
3.98
3.98
3.98
3.98
3.97
3.97
3.97
3.97
3.97
3.96
3.96
3.96
3.96
3.95
4.0
4.0
4.0
4.0
3.99
3.99
3.99
3.99
3.99
3.99
3.99
3.99
3.99
3.99
3.99
3.98
3.98
3.99
3.98
3.98
3.97
3.97
3.97
3.96
3.97
3.97
3.97
3.97
3.97
3.97
3.97
3.96
3.97
3.97
3.96
3.96
3.96
3.95
3.95
4.01
4.01
4.02
4.01
4.01
4.01
4.01
4.01
4.02
4.01
4.02
4.02
4.01
4.02
4.02
4.02
4.02
4.03
4.03
4.02
4.02
4.02
4.02
4.02
4.03
4.02
4.02
4.04
4.05
4.05
4.06
4.06
4.05
4.06
4.06
4.06
4.07
4.07
4.07
4.07
4.06
4.06
4.06
4.06
4.07
4.06
4.06
4.06
4.07
4.07
4.08
4.07
4.07
4.07
4.07
4.09
4.08
4.08
4.08
4.08
